Cluster List

[array([1, 1, 0, 0, 0, 1, 0, 1, 0, 1, 0, 1, 0, 0, 0, 1, 0, 0, 1, 0, 0, 0, 0, 1, 0, 1, 1, 0, 0, 0, 1, 0, 1, 1, 1, 0, 0, 1, 0, 0, 0, 0, 0, 0, 0, 0, 0, 0, 0, 0, 0]), 
array([0, 2, 1, 1, 1, 2, 1, 0, 1, 0, 1, 0, 1, 1, 1, 2, 1, 1, 2, 1, 1, 1, 1, 2, 1, 2, 2, 1, 1, 1, 2, 1, 0, 2, 2, 1, 1, 2, 1, 1, 1, 1, 1, 1, 1, 1, 1, 1, 1, 1, 1]), 
array([2, 3, 1, 1, 1, 3, 1, 0, 1, 0, 1, 0, 1, 1, 1, 3, 1, 1, 3, 1, 1, 1, 1, 3, 1, 3, 3, 1, 0, 0, 3, 1, 0, 3, 3, 1, 1, 3, 1, 1, 1, 1, 1, 1, 1, 1, 1, 1, 1, 1, 1]), 
array([1, 2, 0, 0, 0, 2, 0, 3, 0, 3, 0, 3, 0, 4, 0, 2, 0, 4, 2, 4, 0, 4, 0, 2, 4, 2, 2, 4, 0, 3, 2, 0, 3, 2, 2, 4, 4, 2, 4, 4, 0, 0, 0, 0, 0, 0, 0, 0, 0, 0, 0]), 
array([2, 3, 5, 1, 5, 3, 1, 4, 1, 4, 1, 4, 5, 0, 5, 3, 1, 0, 3, 0, 1, 0, 1, 3, 0, 3, 3, 0, 1, 4, 3, 1, 4, 3, 3, 0, 0, 3, 0, 0, 1, 1, 1, 1, 1, 1, 1, 1, 1, 1, 1]), 
array([2, 0, 3, 1, 3, 0, 6, 4, 1, 4, 6, 4, 3, 5, 3, 0, 6, 5, 0, 5, 6, 5, 6, 0, 5, 0, 0, 1, 6, 4, 0, 1, 4, 0, 0, 5, 5, 0, 5, 5, 6, 1, 6, 6, 1, 1, 1, 6, 6, 1, 1]), 
array([3, 6, 5, 0, 5, 1, 7, 2, 0, 2, 7, 2, 5, 4, 5, 6, 7, 4, 6, 4, 7, 4, 7, 1, 4, 6, 6, 0, 7, 2, 1, 0, 2, 1, 6, 4, 4, 1, 4, 4, 7, 0, 7, 7, 0, 0, 0, 7, 7, 0, 0]), 
array([1, 3, 7, 7, 7, 8, 5, 2, 0, 2, 5, 2, 4, 6, 7, 3, 5, 6, 3, 6, 5, 6, 5, 8, 6, 3, 3, 6, 5, 2, 8, 0, 2, 8, 3, 6, 6, 8, 6, 6, 5, 0, 5, 5, 0, 0, 0, 5, 5, 0, 0]), 
array([1, 3, 5, 8, 5, 3, 2, 4, 8, 4, 2, 4, 5, 0, 5, 7, 2, 0, 7, 0, 2, 0, 2, 3, 0, 7, 7, 8, 9, 9, 3, 8, 4, 3, 7, 0, 0, 3, 0, 0, 2, 6, 2, 2, 8, 6, 6, 2, 2, 6, 6]), 
array([ 2,  1,  5,  9,  5,  1,  0,  3,  9,  3,  0,  3,  8,  4,  5,  6,  0, 4,  6,  4,  0,  4,  0,  1,  4,  6,  6,  9, 10, 10,  1,  9,  3,  1, 6,  4,  4,  1,  4,  4,  0,  7,  0,  0,  9,  7,  7,  0,  0,  7,  7]), 
array([ 1,  8,  5, 10,  5,  3,  6,  7, 10,  7,  6,  7, 11,  4,  5,  8,  6, 9,  8,  9,  6,  4,  6,  3,  4,  8,  8,  9,  2,  2,  3, 10,  7,  3, 8,  9,  4,  3,  4,  4,  6,  0,  6,  6, 10,  0,  0,  6,  6,  0,  0]), 
array([ 5,  3,  6, 12,  6,  3,  4, 10, 12,  2,  4,  2, 11,  0,  6,  8,  4, 1,  8,  1,  4,  0,  4,  3,  0,  8,  8,  1,  9,  9,  3, 12, 10,  3, 8,  1,  0,  3,  0,  0,  4,  7,  4,  4, 12,  7,  7,  4,  4,  7,  7]),
array([ 1,  6, 11, 12,  5,  2,  0,  4,  7,  4,  0,  4,  9,  3, 11,  6,  0, 13,  6, 13,  0,  3,  0,  2,  3,  6,  6, 13, 10, 10,  2,  7,  4,  2, 6, 13,  3,  2,  3,  3,  0,  8,  0,  0,  7,  8,  8,  0,  0,  8,  8]), 
array([ 1, 13,  5, 14,  5,  2,  4,  8, 10,  3,  4,  3,  9, 11,  5, 13,  4, 0,  6,  0,  4, 11,  4,  2, 11,  6,  6,  0, 12, 12,  2, 10,  8, 13, 6,  0, 11,  2, 11, 11,  4,  7,  4,  4, 10,  7,  7,  4,  4,  7,  7]), 
array([ 1,  2,  7, 12, 13,  2,  0, 14, 11,  3,  0,  3,  5, 10,  7,  8,  0, 4,  8,  4,  0, 10,  0,  2, 10,  8,  8,  4,  9,  9, 15, 11, 14,  2, 8,  4, 10,  2, 10, 10,  0,  6,  0,  0, 11,  6,  6,  0,  0,  6,  6])]
Inertia List

[1402.6495453036714, 921.4998599085012, 508.9998187825152, 364.38211556053153, 199.74302005741575, 169.01397635514138, 127.43409124295387, 111.12710804743267, 85.05390292834836, 61.317229192089364, 42.45926990131518, 34.48713468395444, 30.092239512833917, 22.932619204097573, 16.394869453725228]
Model List

[TimeSeriesKMeans(dtw_inertia=True, max_iter=10, n_clusters=2, n_init=3), TimeSeriesKMeans(dtw_inertia=True, max_iter=10, n_init=3), TimeSeriesKMeans(dtw_inertia=True, max_iter=10, n_clusters=4, n_init=3), TimeSeriesKMeans(dtw_inertia=True, max_iter=10, n_clusters=5, n_init=3), TimeSeriesKMeans(dtw_inertia=True, max_iter=10, n_clusters=6, n_init=3), TimeSeriesKMeans(dtw_inertia=True, max_iter=10, n_clusters=7, n_init=3), TimeSeriesKMeans(dtw_inertia=True, max_iter=10, n_clusters=8, n_init=3), TimeSeriesKMeans(dtw_inertia=True, max_iter=10, n_clusters=9, n_init=3), TimeSeriesKMeans(dtw_inertia=True, max_iter=10, n_clusters=10, n_init=3), TimeSeriesKMeans(dtw_inertia=True, max_iter=10, n_clusters=11, n_init=3), TimeSeriesKMeans(dtw_inertia=True, max_iter=10, n_clusters=12, n_init=3), TimeSeriesKMeans(dtw_inertia=True, max_iter=10, n_clusters=13, n_init=3), TimeSeriesKMeans(dtw_inertia=True, max_iter=10, n_clusters=14, n_init=3), TimeSeriesKMeans(dtw_inertia=True, max_iter=10, n_clusters=15, n_init=3), TimeSeriesKMeans(dtw_inertia=True, max_iter=10, n_clusters=16, n_init=3)]
